%YAML:1.0
---
R: !!opencv-matrix
   rows: 3
   cols: 3
   dt: d
   data: [ -9.8023334427038034e-01, -2.2631085371606105e-04,
       -1.9784473600251187e-01, 6.4963023985784387e-04,
       -9.9999763668806363e-01, -2.0747527175900850e-03,
       -1.9784379889462697e-01, -2.1622677182013121e-03,
       9.8023117469159138e-01 ]
T: !!opencv-matrix
   rows: 3
   cols: 1
   dt: d
   data: [ 5.6326344426652156e+01, 5.2134974437178871e-01,
       4.4084988316715847e+00 ]
R1: !!opencv-matrix
   rows: 3
   cols: 3
   dt: d
   data: [ 2.1650768193316659e-02, -9.9488250007212808e-01,
       -9.8691718431037675e-02, 9.9263393414513423e-01,
       9.6215654025758983e-03, 1.2076960819161944e-01,
       -1.1920200090683290e-01, -1.0057950352549923e-01,
       9.8776244434093141e-01 ]
R2: !!opencv-matrix
   rows: 3
   cols: 3
   dt: d
   data: [ -1.4720152254515298e-03, 9.9509897475920139e-01,
       -9.8872967004951989e-02, -9.9690868961782886e-01,
       -9.2272647157323178e-03, -7.8025137938545153e-02,
       -7.8555061807876095e-02, 9.8452465784520021e-02,
       9.9203639764139129e-01 ]
P1: !!opencv-matrix
   rows: 3
   cols: 4
   dt: d
   data: [ 8.9856843805301487e+03, 0., 4.2300428009033203e+03, 0., 0.,
       8.9856843805301487e+03, 2.1523991622924805e+03, 0., 0., 0., 1.,
       0. ]
P2: !!opencv-matrix
   rows: 3
   cols: 4
   dt: d
   data: [ 8.9856843805301487e+03, 0., 4.2300428009033203e+03, 0., 0.,
       8.9856843805301487e+03, 2.1523991622924805e+03,
       -5.0770021226413228e+05, 0., 0., 1., 0. ]
Q: !!opencv-matrix
   rows: 4
   cols: 4
   dt: d
   data: [ 1., 0., 0., -4.2300428009033203e+03, 0., 1., 0.,
       -2.1523991622924805e+03, 0., 0., 0., 8.9856843805301487e+03, 0.,
       0., 1.7698799731553638e-02, 0. ]
