%YAML:1.0
---
M1: !!opencv-matrix
   rows: 3
   cols: 3
   dt: d
   data: [ 1.6302061497257815e+04, 0., 2.5146454872126901e+03, 0.,
       1.6369056763395103e+04, 2.5478764602843794e+03, 0., 0., 1. ]
D1: !!opencv-matrix
   rows: 1
   cols: 14
   dt: d
   data: [ -3.4314269633415322e-02, 4.0789975041489335e-01, 0., 0., 0.,
       0., 0., -3.0789490851284662e+00, 0., 0., 0., 0., 0., 0. ]
M2: !!opencv-matrix
   rows: 3
   cols: 3
   dt: d
   data: [ 1.6302061497257815e+04, 0., 2.5978852056281103e+03, 0.,
       1.6369056763395103e+04, 2.5546701908617306e+03, 0., 0., 1. ]
D2: !!opencv-matrix
   rows: 1
   cols: 14
   dt: d
   data: [ -3.4659579711229418e-02, 4.7940448628986460e-01, 0., 0., 0.,
       0., 0., 7.2128095190995625e+00, 0., 0., 0., 0., 0., 0. ]
